%YAML:1.0
---
myHogDector: !!opencv-object-detector-hog
   winSize: [ 64, 128 ]
   blockSize: [ 16, 16 ]
   blockStride: [ 8, 8 ]
   cellSize: [ 8, 8 ]
   nbins: 9
   derivAperture: 1
   winSigma: 4.
   histogramNormType: 0
   L2HysThreshold: 2.0000000000000001e-01
   gammaCorrection: 1
   nlevels: 64
   signedGradient: 0
   SVMDetector: [ 1.61190619e-04, -1.85194053e-02, -1.46117099e-02,
       1.00529576e-02, 1.43827684e-02, 3.86045640e-03, 8.48505832e-03,
       -2.49834713e-02, -1.82120642e-03, 2.01607533e-02, -6.06903050e-05,
       7.32423365e-03, 7.77970580e-03, 4.57290486e-02, 3.06576807e-02,
       1.46511858e-02, 1.51636191e-02, 1.96015742e-03, 1.07970992e-02,
       -1.28565617e-02, -2.82116188e-03, 3.02032270e-02, 2.37916354e-02,
       6.06063101e-03, 8.09072331e-03, -1.65008139e-02, -9.68704000e-03,
       -5.95162250e-03, -1.24531484e-03, 3.37000713e-02, 5.70535399e-02,
       3.71752237e-03, 1.69834364e-02, -1.41991703e-02, -4.44453210e-03,
       -2.76067704e-02, 1.74326859e-02, -3.94981384e-04, 1.13830238e-03,
       -5.71333850e-03, 1.51631571e-02, 6.53118221e-03, -6.87105255e-03,
       1.35938618e-02, 2.72735823e-02, 3.52244787e-02, -1.27386982e-02,
       -1.92338508e-02, -6.01718295e-03, -2.43791807e-02, 1.66038014e-02,
       1.21398382e-02, 3.27558368e-02, 2.72853207e-02, 1.51296873e-02,
       1.47842960e-02, 1.23048257e-02, 2.83988807e-02, 9.31226183e-04,
       1.61527451e-02, -1.38656637e-02, -2.23505078e-03, -5.78492973e-03,
       2.60190889e-02, 1.26536479e-02, -1.38974274e-02, 2.90595111e-03,
       -2.26996839e-02, 8.25776905e-03, -3.93486908e-03, 3.64469201e-03,
       1.88120268e-02, 1.51435556e-02, -4.44470393e-03, 1.84086878e-02,
       -2.48034048e-04, -1.51972994e-02, 4.78270510e-03, 1.60487238e-02,
       1.56121822e-02, -4.66282386e-03, 1.43161276e-02, 1.62575692e-02,
       -3.50741018e-03, 1.07649527e-02, 2.29791626e-02, 3.48583758e-02,
       -2.70699034e-03, 1.30007481e-02, 2.58122794e-02, 8.18209071e-03,
       -1.15397175e-04, 9.95422248e-03, -3.47801630e-04, -3.55994925e-02,
       -1.98015869e-02, -3.92358052e-03, 6.77678967e-03, 2.29433551e-02,
       5.75443078e-03, -3.86090064e-03, -1.04940934e-02, 5.90805546e-04,
       1.42804638e-03, 8.22037365e-03, 2.53685452e-02, 2.04733349e-02,
       1.24481469e-02, 1.06090913e-02, 1.60415377e-02, -2.52336431e-02,
       -2.42663547e-03, 2.35001370e-02, 1.03221601e-02, -8.55325721e-03,
       -5.68820862e-03, -1.59381740e-02, -8.43742304e-03, 5.78619679e-03,
       -3.10710948e-02, -2.70827226e-02, -3.46209807e-03,
       -1.09554958e-02, -3.08762770e-02, -1.38226300e-02,
       -7.89090898e-03, 8.31599999e-03, 7.82213826e-03, -2.25473172e-03,
       1.40337078e-02, 1.21488627e-02, -3.98786506e-03, 9.52795206e-04,
       3.43293473e-02, -8.13161896e-04, -1.63619220e-02, 1.08398106e-02,
       -3.27483155e-02, -7.68740196e-03, -5.03115298e-04,
       -2.68298741e-02, -1.00947982e-02, 3.18467170e-02, 4.97886352e-03,
       -1.41023835e-02, 2.61476487e-02, -1.17764985e-02, -7.14025041e-03,
       3.93384416e-03, -1.04572522e-02, -2.09469511e-03, 1.35299703e-02,
       -5.65715041e-03, -3.08740307e-02, 6.80587161e-03, -4.07050364e-02,
       -1.80741549e-02, 5.20377886e-04, -3.86403166e-02, -2.13228874e-02,
       -2.40920251e-03, -9.52785742e-03, -1.14739360e-03, 3.21609527e-02,
       -2.17644993e-04, -2.40202004e-04, 1.24457479e-02, 1.96902622e-02,
       2.06887890e-02, 4.59504761e-02, -2.61291303e-03, -2.59375814e-02,
       3.28664272e-03, -2.60273740e-02, 7.46121723e-03, 7.96833541e-03,
       4.24388237e-03, 2.08100490e-02, 2.39092149e-02, -2.29073372e-02,
       -1.53108072e-02, -1.37064140e-02, -5.53939342e-02,
       -1.68636325e-03, 5.00378152e-03, -3.35803702e-02, -1.00543862e-02,
       1.38900420e-02, 5.84629271e-03, -1.47304088e-02, -3.85141447e-02,
       -5.32384850e-02, -4.33364930e-03, -3.33475806e-02,
       -5.22345379e-02, -1.95246208e-02, -3.04513029e-03,
       -3.05690104e-03, 1.40566826e-02, 1.26385614e-02, -2.28689965e-02,
       4.93784025e-02, 2.72930060e-02, -2.57840659e-03, 5.08418120e-03,
       4.49540094e-02, -1.36367725e-02, -1.30679617e-02, 3.65715884e-02,
       -1.79142486e-02, -1.41352497e-03, 1.31214340e-03, -1.46031715e-02,
       -1.26894638e-02, 2.30066851e-02, -2.57916432e-02, 4.24953131e-03,
       3.55509156e-03, -3.17514725e-02, 1.29140988e-02, 1.89163759e-02,
       -2.32668128e-02, -1.17977057e-02, 1.97957121e-02, 2.80782357e-02,
       -9.59647819e-03, -2.61917710e-02, -5.17855957e-02,
       -1.31512992e-02, 1.12558752e-02, -3.05245519e-02, -2.20477171e-02,
       2.71828994e-02, 1.08324103e-02, -1.56516694e-02, 1.21124946e-02,
       -2.12777015e-02, 3.23534869e-02, 2.96109635e-02, 2.62910575e-02,
       1.30933234e-02, 3.00928932e-02, -9.82115697e-03, -4.07505035e-02,
       -1.28621645e-02, -2.27110405e-02, 2.88137724e-03, -1.35294525e-02,
       6.26020785e-03, -3.68471071e-02, 6.53149211e-04, -2.14575622e-02,
       -1.95581634e-02, -1.15232691e-02, -2.41865478e-02, 2.39292551e-02,
       1.98159348e-02, 1.01469578e-02, -1.51288919e-02, 1.76664796e-02,
       -1.24182375e-02, -1.99687034e-02, -1.05122365e-02, 9.54875795e-05,
       -5.19197946e-03, -4.08583228e-03, -3.30811460e-03,
       -3.27414796e-02, 1.74035244e-02, -3.19302715e-02, -1.10230139e-02,
       2.88792793e-02, 2.22297478e-02, 5.10727540e-02, 1.84006914e-02,
       4.49423380e-02, -7.46722054e-03, 3.79561856e-02, -5.78995515e-03,
       -8.41642730e-03, 1.77217666e-02, 1.68735087e-02, -7.97108107e-04,
       -9.94792767e-03, 2.27960572e-03, -1.54435309e-02, 1.78517457e-02,
       -9.93869547e-03, -3.48347123e-03, 5.03140781e-03, 2.02834960e-02,
       3.39932041e-03, -7.06200721e-03, -6.99282950e-03, -1.65867601e-02,
       2.69259568e-02, 2.16321945e-02, 6.40042650e-04, -6.18831022e-03,
       -1.58864670e-02, 1.80479400e-02, -1.21886597e-03, 1.11649791e-02,
       -1.37746586e-02, -2.68193823e-03, 1.57688919e-03, -1.89173725e-02,
       4.28621983e-03, 1.81791559e-02, -1.07463198e-02, -2.41384599e-02,
       -1.13275519e-03, -1.48363682e-02, 1.37643972e-02, -8.23139679e-03,
       -2.63457969e-02, 2.23317952e-03, -4.01258422e-03, 1.74067672e-02,
       3.66927031e-03, 3.97183560e-03, -9.06631257e-03, 2.57101445e-03,
       -2.16007382e-02, -1.44751044e-02, -2.71997619e-02,
       -3.63401026e-02, -4.43440164e-04, -1.09758554e-02, 1.44028710e-02,
       -1.66098624e-02, -1.87273007e-02, 1.07197165e-02, -2.07784437e-02,
       -2.01564897e-02, -4.56307754e-02, -1.53914262e-02, 1.40516972e-02,
       6.88031269e-03, -1.03502451e-02, -1.90900397e-02, -1.03499088e-02,
       8.25943053e-03, 5.38633997e-03, -1.67610981e-02, -1.17114279e-02,
       -1.89342555e-02, 2.18570028e-02, 1.59518048e-02, 1.71506908e-02,
       -6.78233942e-03, -1.64991673e-02, 1.03261955e-02, -2.14935560e-02,
       1.51321217e-02, -1.08869402e-02, 2.33888160e-02, 1.36016170e-03,
       1.82066187e-02, -1.47548420e-02, 1.67654846e-02, -6.02654938e-04,
       -3.32524888e-02, 1.09447865e-02, -2.16484349e-03, 7.18080904e-03,
       -1.57492291e-02, 1.66987069e-03, -3.43969732e-04, -1.31157665e-02,
       6.19190745e-03, -2.03003101e-02, 1.05456477e-02, -1.87240262e-02,
       -9.80486535e-03, -4.21662889e-02, 7.29507767e-03, -2.09242869e-02,
       1.33874966e-02, 9.27781034e-03, 1.23397494e-02, 4.18115705e-02,
       -5.33821620e-03, 2.65971534e-02, -2.75652902e-03, 2.00009532e-02,
       1.18822968e-02, 4.81895544e-03, 4.33439302e-04, 1.02714365e-02,
       3.34795602e-02, -1.28437346e-03, 7.41765893e-04, -1.95535421e-02,
       2.49112025e-02, -3.91410477e-03, -3.72556783e-02, 3.55741708e-03,
       -5.65280532e-03, 2.39565894e-02, 9.27952398e-03, 2.13178631e-04,
       -2.22998261e-02, -8.05852190e-03, -2.81144250e-02,
       -1.49192978e-02, -1.27648972e-02, -4.77659367e-02,
       -1.23355119e-02, 1.15345102e-02, -2.99035432e-03, -5.02890423e-02,
       -3.04688513e-02, -1.76312122e-02, 1.75162293e-02, 2.16565467e-02,
